cohort_month,0,1,2,3,4,5,6,7,8,9,10,11,12
2024-10-01,-125.88555856333332,-3.45140776333335,118.98274303666663,241.41689383666665,300.3633062033333,300.3633062033333,300.3633062033333,328.42870130000006,356.4940963966667,384.5594914933333,384.5594914933333,,
2024-11-01,-699.509536818,-644.5776567,-627.738419642,-610.8991825840001,-594.0599455260001,-577.2207084680001,-560.3814714100001,-560.3814714100001,-543.5422343520002,-543.5422343520002,,,
2024-12-01,-39.81069838368421,52.115301916842185,167.646637081579,260.992399318421,345.7478847710526,413.4518859236842,458.5257422300001,491.9833644905264,515.7464506826316,,,,
2025-01-01,-220.0337355723809,-181.03023226095237,-141.26119112571428,-122.57687816333332,-109.09562735333331,-100.15570260809524,-96.27611262476188,-91.73478655761905,,,,,
2025-02-01,-155.513169826,-81.88919161399997,-3.178928209999981,35.09536788666668,85.32243419533336,116.33060858466672,121.943687604,,,,,,
2025-03-01,-40.3107145929032,8.107805230806463,62.93882395370974,102.24729719129031,140.91412500306456,148.19196626193548,,,,,,,
2025-04-01,33.865415790379814,87.73772980025319,153.36529507886075,234.3886455446836,249.6750939981013,,,,,,,,
2025-05-01,-4.435866359753078,69.85720055543209,141.27039395308637,154.4671511106172,,,,,,,,,
2025-06-01,-21.692649962025317,34.936363941139206,55.4225157718987,,,,,,,,,,
2025-07-01,-1.500655999753036,13.677464901975329,,,,,,,,,,,
2025-08-01,-204.50024770090903,,,,,,,,,,,,
